179490000.00
110420000.00
136710000.00
109300000.00
111850000.00
76066000.00
100160000.00
55735000.00
204390000.00
134160000.00
112570000.00
51808000.00
73913000.00
44983000.00
128430000.00
153610000.00
237820000.00
141870000.00
189160000.00
136660000.00
106550000.00
138610000.00
166400000.00
99821000.00
150430000.00
63027000.00
178220000.00
97253000.00
138180000.00
77704000.00
166770000.00
66361000.00
70325000.00
141140000.00
120180000.00
91139000.00
171000000.00
107450000.00
166120000.00
126840000.00
94348000.00
101350000.00
109080000.00
151190000.00
155710000.00
144970000.00
79406000.00
106440000.00
166650000.00
83427000.00
51920000.00
73026000.00
104080000.00
55880000.00
66355000.00
55981000.00
66614000.00
58327000.00
86327000.00
45922000.00
84978000.00
49308000.00
89855000.00
72966000.00
85046000.00
81705000.00
118740000.00
119280000.00
145820000.00
105370000.00
192520000.00
148430000.00
175230000.00
56852000.00
77609000.00
92383000.00
175870000.00
70741000.00
134740000.00
86142000.00
96896000.00
69861000.00
114650000.00
49001000.00
144210000.00
52445000.00
163800000.00
35361000.00
162390000.00
64545000.00
187240000.00
119790000.00
153170000.00
46208000.00
79765000.00
57572000.00
183570000.00
139740000.00
148410000.00
111880000.00
101150000.00
80048000.00
79997000.00
75936000.00
86379000.00
56085000.00
130650000.00
66730000.00
125220000.00
79015000.00
161270000.00
97979000.00
192570000.00
102600000.00
200360000.00
107170000.00
156030000.00
118330000.00
96943000.00
105820000.00
172960000.00
76371000.00
187200000.00
160970000.00
152430000.00
62130000.00
144750000.00
113530000.00
127560000.00
92107000.00
171390000.00
64019000.00
186450000.00
118430000.00
138740000.00
87453000.00
102530000.00
70685000.00
78645000.00
61941000.00
39076000.00
79007000.00
74728000.00
47487000.00
114320000.00
33959000.00
142850000.00
92205000.00
160640000.00
118320000.00
161480000.00
75820000.00
114470000.00
115210000.00
135900000.00
105560000.00
101050000.00
146890000.00
88854000.00
129630000.00
74129000.00
81042000.00
85645000.00
87641000.00
67790000.00
116400000.00
130390000.00
109550000.00
138930000.00
76978000.00
107470000.00
82775000.00
93618000.00
112700000.00
125530000.00
153120000.00
73904000.00
226970000.00
117630000.00
131790000.00
92577000.00
136700000.00
69141000.00
133580000.00
102900000.00
103760000.00
156800000.00
77200000.00
118950000.00
71409000.00
93140000.00
34677000.00
41512000.00
72348000.00
102690000.00
147810000.00
71677000.00
134140000.00
161070000.00
193330000.00
151270000.00
149240000.00
186080000.00
135980000.00
180940000.00
125220000.00
111680000.00
192460000.00
170360000.00
218120000.00
187330000.00
189470000.00
174420000.00
224990000.00
158020000.00
154200000.00
219100000.00
186200000.00
247830000.00
252300000.00
107950000.00
243220000.00
174800000.00
222310000.00
254750000.00
231900000.00
205040000.00
229240000.00
134400000.00
253700000.00
228400000.00
241450000.00
203330000.00
190840000.00
208460000.00
169060000.00
206730000.00
161310000.00
163790000.00
190260000.00
71074000.00
149550000.00
133440000.00
90493000.00
193770000.00
111610000.00
143170000.00
139830000.00
153790000.00
181680000.00
171110000.00
200520000.00
179050000.00
258000000.00
197650000.00
236380000.00
225180000.00
220360000.00
187910000.00
224560000.00
86977000.00
237100000.00
191740000.00
250000000.00
198660000.00
227950000.00
211100000.00
215310000.00
190690000.00
225080000.00
166410000.00
61990000.00
182410000.00
134670000.00
74655000.00
58713000.00
147950000.00
80188000.00
91636000.00
128800000.00
72675000.00
87541000.00
64577000.00
67930000.00
32963000.00
54588000.00
190480000.00
80286000.00
159250000.00
108450000.00
46265000.00
81807000.00
106940000.00
60532000.00
99693000.00
60087000.00
102700000.00
97536000.00
159440000.00
157370000.00
170370000.00
138030000.00
90816000.00
216200000.00
113860000.00
209360000.00
74786000.00
175750000.00
197610000.00
154410000.00
150470000.00
52042000.00
168310000.00
152930000.00
156180000.00
217670000.00
154350000.00
103700000.00
149510000.00
144200000.00
197400000.00
201400000.00
98690000.00
187900000.00
134120000.00
197740000.00
202380000.00
185130000.00
210700000.00
176680000.00
183620000.00
211100000.00
126060000.00
196800000.00
145820000.00
102720000.00
67554000.00
167600000.00
99784000.00
193420000.00
135040000.00
185650000.00
195010000.00
170470000.00
215170000.00
197340000.00
96611000.00
190100000.00
135010000.00
181290000.00
132900000.00
183300000.00
109520000.00
171790000.00
128640000.00
211700000.00
198600000.00
209800000.00
247250000.00
257240000.00
185830000.00
171480000.00
180450000.00
91284000.00
112950000.00
88578000.00
81799000.00
104430000.00
95793000.00
121820000.00
148150000.00
187110000.00
59246000.00
137830000.00
100920000.00
132390000.00
86812000.00
83233000.00
96085000.00
78969000.00
124540000.00
108040000.00
117010000.00
125070000.00
172580000.00
158550000.00
226690000.00
208830000.00
198590000.00
199650000.00
166660000.00
163420000.00
128830000.00
178360000.00
130800000.00
226760000.00
181670000.00
135130000.00
81883000.00
194090000.00
74976000.00
180550000.00
43658000.00
196210000.00
86284000.00
157660000.00
196110000.00
154550000.00
191830000.00
170070000.00
169060000.00
101150000.00
87552000.00
87479000.00
31622000.00
152310000.00
54002000.00
54677000.00
103710000.00
113100000.00
157130000.00
179860000.00
192260000.00
165200000.00
32547000.00
66141000.00
118640000.00
88017000.00
107240000.00
41410000.00
155870000.00
89059000.00
208270000.00
109810000.00
153980000.00
81095000.00
38516000.00
76490000.00
33111000.00
75225000.00
42083000.00
210090000.00
98990000.00
190910000.00
197120000.00
122320000.00
106480000.00
112670000.00
99089000.00
89956000.00
128210000.00
102630000.00
131300000.00
56644000.00
91250000.00
178570000.00
198340000.00
113280000.00
143870000.00
76684000.00
101480000.00
125350000.00
108340000.00
106000000.00
181100000.00
108300000.00
106180000.00
148160000.00
88598000.00
139180000.00
105500000.00
77424000.00
190880000.00
114780000.00
203690000.00
125100000.00
190620000.00
171770000.00
227350000.00
90154000.00
181650000.00
133330000.00
134540000.00
188110000.00
193900000.00
118810000.00
155940000.00
138760000.00
110510000.00
187880000.00
184400000.00
195330000.00
113060000.00
161250000.00
130370000.00
99880000.00
157800000.00
151750000.00
76636000.00
159340000.00
174390000.00
107560000.00
208910000.00
136770000.00
180830000.00
149450000.00
189170000.00
111690000.00
87305000.00
91075000.00
126540000.00
119400000.00
37958000.00
134770000.00
160790000.00
167770000.00
157870000.00
217310000.00
218080000.00
152290000.00
227790000.00
116430000.00
190380000.00
195830000.00
108370000.00
192810000.00
130630000.00
96586000.00
238760000.00
77398000.00
145030000.00
195680000.00
132370000.00
178820000.00
175300000.00
53273000.00
102630000.00
160570000.00
132300000.00
206580000.00
248360000.00
77223000.00
175780000.00
101440000.00
126340000.00
167650000.00
165560000.00
150720000.00
198460000.00
85603000.00
217680000.00
137650000.00
182860000.00
227060000.00
118590000.00
176940000.00
47393000.00
123670000.00
61922000.00
116430000.00
136370000.00
82001000.00
94553000.00
125830000.00
110440000.00
162550000.00
99889000.00
131400000.00
180340000.00
161860000.00
120600000.00
105900000.00
63106000.00
119540000.00
123880000.00
104270000.00
174750000.00
88043000.00
59567000.00
120480000.00
75532000.00
99026000.00
119260000.00
65042000.00
68556000.00
122250000.00
108840000.00
118260000.00
83052000.00
151760000.00
80010000.00
116340000.00
116750000.00
153730000.00
127220000.00
78235000.00
85914000.00
106440000.00
100230000.00
95411000.00
168140000.00
105080000.00
120000000.00
90228000.00
92520000.00
173800000.00
96983000.00
68365000.00
90695000.00
101190000.00
140020000.00
88295000.00
75134000.00
91386000.00
151130000.00
199370000.00
193740000.00
218020000.00
176910000.00
158040000.00
188150000.00
153470000.00
108780000.00
121590000.00
67989000.00
76718000.00
116780000.00
83671000.00
176500000.00
66839000.00
164300000.00
149690000.00
122950000.00
149630000.00
77764000.00
112160000.00
119870000.00
142200000.00
154140000.00
130640000.00
154570000.00
57233000.00
124630000.00
89984000.00
83877000.00
91349000.00
124380000.00
90490000.00
181240000.00
170510000.00
201120000.00
149330000.00
99397000.00
182100000.00
209330000.00
217680000.00
99650000.00
131220000.00
166500000.00
152950000.00
157810000.00
168370000.00
134590000.00
89356000.00
148250000.00
160850000.00
78775000.00
144200000.00
69221000.00
165590000.00
116110000.00
141930000.00
91839000.00
116790000.00
162130000.00
51047000.00
118100000.00
63285000.00
82525000.00
85298000.00
105220000.00
62679000.00
138560000.00
83946000.00
88710000.00
136690000.00
76350000.00
158980000.00
76896000.00
172330000.00
127560000.00
126180000.00
182420000.00
164310000.00
118970000.00
98744000.00
173060000.00
187800000.00
223700000.00
167650000.00
90008000.00
131000000.00
99483000.00
98890000.00
115290000.00
83059000.00
70387000.00
150890000.00
108660000.00
53577000.00
38229000.00
22962000.00
152080000.00
127550000.00
72749000.00
128140000.00
104820000.00
85790000.00
116190000.00
73838000.00
126250000.00
75285000.00
130980000.00
176990000.00
60999000.00
125750000.00
86236000.00
78733000.00
104970000.00
190070000.00
100420000.00
114150000.00
121830000.00
118650000.00
90274000.00
175210000.00
107550000.00
146140000.00
82041000.00
138880000.00
93008000.00
90980000.00
123340000.00
67758000.00
110120000.00
121620000.00
93453000.00
138600000.00
98378000.00
139660000.00
70990000.00
145030000.00
144840000.00
112070000.00
135150000.00
152640000.00
137080000.00
228130000.00
218270000.00
188250000.00
141510000.00
113540000.00
119780000.00
92228000.00
169280000.00
152930000.00
173490000.00
176110000.00
97940000.00
186650000.00
88269000.00
189510000.00
169790000.00
139550000.00
237940000.00
111700000.00
194780000.00
159780000.00
160740000.00
188850000.00
188850000.00
157820000.00
230840000.00
77699000.00
159450000.00
141870000.00
104720000.00
179580000.00
112580000.00
199880000.00
201960000.00
212480000.00
184260000.00
230230000.00
84104000.00
196860000.00
194410000.00
205360000.00
83522000.00
164570000.00
241420000.00
261490000.00
193110000.00
149860000.00
128110000.00
111260000.00
135110000.00
117870000.00
161410000.00
111520000.00
157720000.00
84067000.00
201430000.00
88215000.00
253980000.00
226480000.00
244980000.00
201530000.00
173010000.00
184380000.00
110910000.00
202870000.00
168830000.00
181480000.00
244200000.00
205620000.00
241120000.00
173870000.00
201600000.00
67159000.00
151050000.00
74280000.00
154030000.00
120740000.00
167570000.00
143210000.00
155300000.00
159250000.00
217280000.00
165160000.00
200190000.00
250500000.00
147610000.00
256940000.00
154440000.00
141690000.00
115380000.00
94432000.00
76948000.00
96878000.00
92916000.00
84424000.00
139650000.00
121980000.00
193130000.00
85071000.00
243350000.00
48729000.00
201370000.00
107590000.00
151960000.00
135360000.00
155250000.00
165280000.00
91962000.00
124830000.00
61037000.00
70186000.00
82079000.00
100690000.00
183040000.00
196730000.00
180490000.00
128630000.00
151970000.00
153140000.00
120660000.00
134880000.00
173840000.00
148000000.00
204130000.00
101370000.00
105540000.00
115620000.00
144340000.00
158540000.00
87100000.00
98544000.00
174430000.00
159100000.00
174260000.00
147960000.00
95090000.00
108020000.00
109400000.00
78472000.00
190780000.00
93654000.00
180140000.00
168750000.00
150700000.00
199540000.00
249710000.00
214250000.00
239690000.00
219510000.00
212660000.00
266180000.00
213580000.00
252920000.00
250190000.00
281870000.00
199480000.00
247800000.00
144030000.00
177060000.00
160780000.00
152120000.00
149630000.00
186510000.00
108370000.00
249110000.00
149480000.00
185060000.00
143210000.00
122330000.00
105120000.00
172110000.00
141570000.00
220140000.00
225530000.00
281300000.00
194380000.00
251700000.00
175660000.00
258800000.00
198690000.00
205240000.00
221820000.00
243180000.00
242820000.00
208970000.00
166310000.00
143710000.00
176380000.00
203880000.00
174520000.00
225170000.00
223860000.00
235100000.00
202400000.00
203620000.00
206270000.00
190320000.00
215970000.00
217660000.00
153760000.00
194210000.00
103240000.00
148390000.00
149730000.00
62053000.00
183030000.00
81642000.00
167650000.00
138850000.00
195910000.00
91821000.00
179230000.00
95027000.00
176560000.00
164970000.00
215920000.00
208800000.00
235160000.00
213990000.00
231280000.00
212310000.00
249290000.00
236110000.00
255080000.00
253120000.00
215770000.00
242700000.00
176650000.00
181280000.00
162870000.00
124890000.00
159240000.00
90296000.00
102210000.00
90959000.00
89804000.00
125070000.00
231940000.00
199110000.00
185480000.00
96917000.00
136550000.00
208370000.00
107920000.00
213100000.00
121750000.00
190960000.00
160410000.00
37171000.00
221210000.00
195260000.00
127600000.00
130970000.00
111110000.00
117640000.00
136970000.00
91718000.00
44939000.00
133600000.00
150730000.00
102800000.00
48058000.00
137420000.00
123730000.00
127260000.00
173300000.00
144340000.00
151840000.00
131820000.00
221780000.00
205730000.00
166050000.00
172190000.00
169170000.00
228190000.00
190120000.00
156980000.00
173270000.00
130810000.00
74951000.00
128740000.00
101780000.00
133100000.00
176040000.00
92607000.00
68735000.00
108000000.00
131420000.00
113600000.00
175590000.00
152730000.00
200240000.00
160380000.00
197630000.00
127200000.00
205950000.00
162420000.00
190120000.00
190540000.00
157710000.00
193360000.00
119740000.00
131470000.00
70847000.00
94773000.00
114960000.00
111150000.00
144840000.00
81846000.00
125300000.00
111420000.00
72787000.00
89523000.00
136830000.00
130600000.00
171200000.00
210990000.00
198040000.00
201770000.00
198200000.00
142350000.00
194180000.00
100890000.00
234670000.00
182270000.00
143240000.00
137300000.00
191460000.00
169020000.00
81464000.00
143620000.00
116640000.00
132130000.00
183410000.00
170150000.00
205400000.00
147180000.00
140470000.00
158250000.00
93516000.00
166170000.00
98970000.00
224360000.00
89873000.00
212280000.00
146280000.00
203360000.00
108600000.00
220310000.00
63005000.00
221480000.00
100490000.00
226490000.00
131990000.00
192960000.00
82141000.00
201050000.00
84624000.00
215240000.00
111530000.00
205410000.00
165380000.00
182850000.00
172320000.00
127950000.00
133920000.00
143720000.00
105460000.00
129100000.00
98257000.00
142780000.00
164890000.00
164850000.00
100470000.00
97797000.00
89871000.00
128840000.00
155670000.00
75605000.00
104410000.00
85719000.00
178550000.00
126730000.00
205900000.00
145650000.00
242240000.00
103310000.00
242460000.00
139120000.00
121710000.00
94748000.00
122430000.00
48245000.00
122170000.00
131180000.00
46490000.00
135690000.00
101890000.00
102200000.00
146210000.00
156270000.00
202600000.00
174880000.00
79235000.00
103270000.00
43941000.00
69469000.00
112630000.00
131440000.00
180030000.00
94788000.00
91310000.00
117780000.00
105920000.00
181180000.00
131330000.00
118540000.00
148920000.00
126040000.00
149330000.00
186410000.00
200810000.00
129090000.00
248670000.00
130980000.00
233140000.00
266990000.00
224350000.00
112440000.00
191490000.00
123530000.00
162490000.00
232300000.00
201210000.00
114370000.00
145200000.00
151330000.00
80507000.00
151950000.00
155890000.00
158030000.00
182010000.00
146800000.00
92239000.00
129730000.00
53578000.00
93395000.00
76448000.00
110990000.00
202500000.00
161920000.00
127140000.00
139570000.00
171290000.00
192790000.00
128450000.00
205570000.00
78895000.00
70193000.00
128160000.00
92722000.00
225930000.00
226760000.00
111280000.00
113170000.00
73904000.00
88264000.00
100740000.00
226410000.00
122340000.00
182940000.00
63214000.00
120470000.00
103370000.00
103280000.00
155860000.00
113010000.00
198090000.00
130730000.00
173470000.00
121090000.00
173930000.00
87445000.00
171370000.00
61368000.00
174290000.00
74299000.00
120190000.00
70006000.00
58537000.00
136750000.00
80492000.00
178780000.00
49139000.00
157800000.00
116040000.00
103490000.00
174720000.00
96031000.00
177260000.00
84168000.00
193570000.00
125110000.00
185410000.00
136030000.00
185710000.00
133010000.00
140390000.00
74934000.00
108720000.00
78187000.00
106260000.00
147280000.00
142380000.00
134080000.00
141250000.00
99380000.00
79969000.00
79122000.00
174120000.00
151410000.00
133310000.00
99268000.00
183540000.00
106980000.00
210650000.00
69778000.00
262940000.00
37952000.00
244640000.00
67602000.00
186950000.00
128340000.00
110720000.00
133090000.00
70538000.00
154220000.00
113910000.00
118470000.00
174780000.00
151850000.00
132850000.00
148920000.00
130630000.00
124870000.00
119930000.00
235970000.00
257070000.00
229360000.00
208730000.00
161740000.00
192330000.00
127910000.00
139240000.00
185730000.00
129100000.00
184820000.00
110320000.00
165020000.00
56580000.00
68533000.00
162030000.00
72019000.00
262140000.00
198020000.00
276950000.00
134150000.00
183330000.00
138830000.00
271500000.00
152360000.00
270530000.00
114370000.00
78771000.00
75811000.00
107400000.00
91490000.00
121640000.00
117970000.00
128760000.00
139640000.00
131150000.00
142870000.00
190820000.00
165460000.00
111230000.00
113360000.00
81401000.00
99583000.00
176250000.00
132760000.00
150670000.00
198210000.00
150840000.00
104660000.00
195450000.00
122500000.00
191930000.00
127170000.00
151550000.00
109910000.00
156680000.00
167880000.00
113950000.00
255390000.00
217730000.00
172850000.00
205370000.00
184410000.00
90155000.00
160330000.00
77973000.00
180970000.00
109620000.00
105490000.00
101770000.00
96425000.00
108640000.00
91377000.00
104450000.00
102460000.00
239910000.00
42751000.00
150790000.00
114750000.00
172300000.00
164710000.00
189550000.00
188060000.00
154500000.00
181470000.00
118650000.00
89029000.00
64283000.00
47279000.00
70241000.00
90737000.00
105660000.00
61116000.00
182740000.00
139400000.00
157860000.00
124110000.00
141880000.00
99713000.00
128980000.00
130740000.00
112990000.00
188060000.00
183220000.00
156310000.00
237190000.00
127120000.00
180300000.00
112040000.00
121310000.00
145930000.00
169240000.00
162470000.00
178390000.00
165060000.00
198140000.00
149400000.00
84167000.00
138730000.00
102110000.00
137480000.00
173740000.00
121000000.00
159510000.00
123050000.00
141680000.00
135210000.00
131650000.00
163760000.00
90664000.00
130900000.00
124870000.00
72991000.00
118690000.00
30670000.00
101760000.00
115960000.00
92771000.00
113320000.00
113980000.00
125540000.00
140400000.00
101820000.00
183480000.00
145600000.00
151090000.00
138930000.00
103330000.00
177840000.00
52039000.00
131240000.00
62799000.00
153310000.00
109270000.00
106930000.00
58586000.00
91977000.00
145230000.00
179390000.00
150100000.00
149380000.00
146340000.00
155850000.00
172680000.00
166660000.00
134630000.00
145150000.00
189750000.00
122060000.00
227690000.00
133330000.00
164250000.00
158510000.00
145210000.00
221290000.00
148160000.00
148190000.00
163470000.00
126390000.00
178870000.00
174020000.00
156320000.00
168440000.00
89029000.00
100310000.00
88705000.00
85597000.00
106660000.00
90379000.00
102510000.00
95786000.00
96962000.00
106510000.00
152940000.00
109680000.00
139320000.00
85579000.00
97011000.00
100020000.00
128380000.00
181930000.00
86416000.00
156910000.00
112640000.00
69899000.00
99618000.00
119540000.00
93096000.00
83474000.00
74901000.00
155390000.00
52865000.00
95796000.00
109890000.00
82115000.00
131480000.00
139830000.00
130940000.00
107530000.00
96235000.00
72664000.00
121670000.00
77643000.00
163840000.00
107180000.00
98968000.00
156960000.00
171240000.00
148060000.00
210770000.00
186010000.00
194210000.00
208880000.00
152480000.00
147370000.00
108320000.00
128680000.00
79949000.00
94714000.00
103790000.00
83225000.00
99259000.00
42196000.00
96335000.00
99859000.00
70708000.00
56366000.00
104200000.00
83395000.00
153490000.00
141370000.00
204030000.00
210210000.00
184340000.00
204730000.00
152290000.00
178130000.00
54909000.00
189400000.00
109210000.00
172820000.00
74852000.00
91604000.00
96110000.00
143860000.00
140900000.00
125490000.00
144370000.00
98274000.00
71208000.00
103860000.00
79219000.00
92803000.00
88918000.00
77157000.00
107490000.00
78113000.00
64460000.00
117110000.00
55394000.00
69889000.00
76885000.00
135760000.00
133720000.00
157130000.00
143500000.00
142180000.00
152110000.00
146590000.00
84222000.00
173660000.00
110090000.00
149850000.00
140900000.00
68859000.00
113070000.00
138620000.00
117760000.00
171800000.00
61088000.00
99816000.00
84455000.00
136150000.00
77328000.00
105720000.00
79801000.00
137560000.00
176500000.00
110490000.00
134460000.00
78399000.00
84409000.00
81664000.00
87204000.00
106020000.00
73245000.00
123540000.00
126420000.00
101170000.00
157570000.00
133010000.00
106570000.00
155960000.00
115600000.00
106450000.00
90183000.00
115720000.00
61279000.00
86535000.00
91319000.00
115540000.00
48172000.00
127740000.00
175030000.00
179350000.00
158690000.00
195080000.00
207550000.00
198080000.00
154780000.00
175570000.00
97821000.00
169190000.00
145930000.00
202360000.00
158730000.00
147590000.00
200070000.00
199510000.00
162440000.00
147620000.00
121090000.00
124650000.00
153530000.00
162210000.00
183900000.00
137580000.00
127900000.00
94155000.00
101870000.00
183810000.00
165180000.00
129250000.00
115070000.00
136970000.00
119940000.00
151810000.00
79436000.00
75809000.00
156750000.00
88395000.00
131780000.00
181330000.00
129550000.00
165010000.00
57393000.00
203940000.00
161970000.00
195040000.00
235460000.00
275210000.00
206010000.00
200900000.00
111250000.00
169810000.00
160010000.00
127130000.00
150790000.00
202430000.00
75462000.00
211940000.00
133630000.00
146800000.00
133190000.00
135180000.00
129530000.00
146330000.00
118860000.00
130080000.00
86418000.00
112030000.00
197520000.00
116720000.00
175680000.00
139660000.00
123090000.00
95267000.00
205800000.00
182510000.00
157460000.00
131760000.00
99066000.00
76498000.00
106390000.00
105120000.00
50391000.00
106860000.00
113140000.00
106750000.00
129490000.00
135040000.00
195340000.00
186430000.00
126870000.00
154840000.00
123280000.00
174790000.00
160810000.00
122710000.00
137270000.00
164390000.00
132740000.00
73632000.00
93404000.00
105110000.00
97122000.00
135700000.00
43378000.00
97939000.00
78330000.00
53977000.00
35336000.00
73762000.00
119280000.00
104220000.00
165370000.00
138030000.00
84920000.00
119850000.00
216870000.00
215220000.00
183130000.00
138460000.00
193510000.00
221680000.00
242530000.00
230280000.00
142120000.00
166280000.00
186380000.00
232830000.00
167510000.00
165260000.00
186370000.00
196000000.00
127780000.00
173540000.00
183420000.00
183890000.00
175700000.00
211340000.00
151130000.00
204160000.00
231410000.00
218900000.00
184550000.00
182980000.00
72826000.00
139630000.00
110110000.00
104940000.00
117550000.00
64672000.00
112010000.00
138600000.00
69697000.00
125570000.00
78925000.00
45916000.00
159390000.00
160910000.00
89105000.00
74519000.00
87762000.00
104180000.00
42967000.00
64157000.00
68191000.00
97893000.00
91523000.00
102510000.00
94268000.00
164900000.00
101910000.00
118190000.00
158280000.00
146990000.00
87592000.00
99352000.00
120880000.00
148880000.00
122880000.00
100630000.00
106670000.00
109770000.00
79075000.00
61920000.00
66999000.00
107280000.00
90257000.00
92436000.00
134050000.00
162120000.00
137520000.00
131380000.00
115720000.00
116510000.00
115460000.00
128020000.00
153720000.00
167610000.00
118430000.00
158720000.00
151980000.00
132270000.00
82137000.00
117200000.00
134460000.00
160270000.00
157370000.00
153240000.00
147610000.00
139940000.00
118920000.00
120980000.00
211280000.00
197070000.00
148580000.00
133110000.00
217800000.00
227250000.00
212810000.00
227480000.00
238070000.00
244140000.00
242390000.00
247830000.00
242170000.00
237750000.00
226300000.00
221040000.00
148770000.00
228780000.00
187310000.00
207490000.00
221770000.00
219880000.00
173230000.00
188150000.00
134920000.00
183300000.00
205960000.00
210740000.00
271700000.00
253390000.00
269200000.00
273350000.00
258850000.00
242440000.00
216800000.00
213270000.00
200120000.00
228740000.00
273500000.00
242880000.00
285740000.00
279460000.00
283740000.00
285310000.00
283770000.00
285660000.00
260670000.00
260120000.00
239810000.00
261800000.00
234180000.00
261700000.00
187360000.00
210800000.00
149820000.00
167100000.00
205960000.00
188220000.00
143040000.00
145460000.00
159460000.00
210870000.00
210380000.00
239240000.00
265050000.00
264110000.00
267200000.00
275680000.00
278590000.00
277290000.00
284130000.00
283890000.00
284270000.00
284560000.00
280230000.00
274120000.00